  -509.4000      0.0004
  -507.4102      0.0004
  -505.4203      0.0004
  -503.4305      0.0004
  -501.4406      0.0004
  -499.4508      0.0004
  -497.4609      0.0004
  -495.4711      0.0004
  -493.4812      0.0004
  -491.4914      0.0004
  -489.5016      0.0004
  -487.5117      0.0004
  -485.5219      0.0004
  -483.5320      0.0004
  -481.5422      0.0004
  -479.5523      0.0004
  -477.5625      0.0005
  -475.5727      0.0005
  -473.5828      0.0005
  -471.5930      0.0005
  -469.6031      0.0005
  -467.6133      0.0005
  -465.6234      0.0005
  -463.6336      0.0005
  -461.6437      0.0006
  -459.6539      0.0006
  -457.6641      0.0006
  -455.6742      0.0006
  -453.6844      0.0007
  -451.6945      0.0007
  -449.7047      0.0007
  -447.7148      0.0008
  -445.7250      0.0009
  -443.7352      0.0009
  -441.7453      0.0010
  -439.7555      0.0012
  -437.7656      0.0014
  -435.7758      0.0016
  -433.7859      0.0021
  -431.7961      0.0030
  -429.8062      0.0066
  -427.8164      0.0381
  -425.8266      0.0771
  -423.8367      0.1224
  -421.8469      0.1280
  -419.8570      0.1320
  -417.8672      0.2059
  -415.8773      0.1333
  -413.8875      0.1265
  -411.8977      0.1299
  -409.9078      0.1543
  -407.9180      0.1331
  -405.9281      0.1302
  -403.9383      0.4256
  -401.9484      0.1306
  -399.9586      0.1269
  -397.9687      0.1276
  -395.9789      0.1253
  -393.9891      0.1221
  -391.9992      0.1297
  -390.0094      0.1269
  -388.0195      0.1339
  -386.0297      0.1300
  -384.0398      0.1315
  -382.0500      0.1391
  -380.0602      0.1350
  -378.0703      0.1306
  -376.0805      0.1267
  -374.0906      0.1256
  -372.1008      0.1240
  -370.1109      0.1245
  -368.1211      0.1296
  -366.1312      0.1333
  -364.1414      0.1361
  -362.1516      0.1352
  -360.1617      0.1319
  -358.1719      0.1313
  -356.1820      0.1324
  -354.1922      0.1332
  -352.2023      0.1409
  -350.2125      0.1341
  -348.2227      0.1348
  -346.2328      0.1440
  -344.2430      0.1394
  -342.2531      0.1308
  -340.2633      0.1392
  -338.2734      0.1369
  -336.2836      0.1400
  -334.2937      0.1302
  -332.3039      0.1345
  -330.3141      0.1346
  -328.3242      0.1522
  -326.3344      0.1476
  -324.3445      0.1409
  -322.3547      0.1410
  -320.3648      0.1455
  -318.3750      0.1453
  -316.3852      0.1320
  -314.3953      0.1466
  -312.4055      0.1502
  -310.4156      0.1555
  -308.4258      0.1571
  -306.4359      0.1520
  -304.4461      0.1546
  -302.4562      0.1494
  -300.4664      0.1545
  -298.4766      0.1433
  -296.4867      0.1526
  -294.4969      0.1486
  -292.5070      0.1621
  -290.5172      0.1565
  -288.5273      0.1750
  -286.5375      0.1927
  -284.5477      0.1661
  -282.5578      0.1667
  -280.5680      0.2458
  -278.5781      0.1700
  -276.5883      0.1748
  -274.5984      0.1613
  -272.6086      0.1623
  -270.6187      0.1696
  -268.6289      0.1720
  -266.6391      0.1823
  -264.6492      0.1816
  -262.6594      0.1775
  -260.6695      0.1765
  -258.6797      0.1742
  -256.6898      0.1724
  -254.7000      0.1787
  -252.7102      0.1920
  -250.7203      0.1823
  -248.7305      0.1762
  -246.7406      0.1840
  -244.7508      0.1847
  -242.7609      0.1900
  -240.7711      0.2041
  -238.7812      0.1898
  -236.7914      0.1882
  -234.8016      0.1987
  -232.8117      0.1830
  -230.8219      0.1998
  -228.8320      0.2059
  -226.8422      0.1901
  -224.8523      0.2418
  -222.8625      0.2143
  -220.8727      0.1961
  -218.8828      0.2056
  -216.8930      0.2059
  -214.9031      0.2116
  -212.9133      0.2164
  -210.9234      0.2226
  -208.9336      0.2104
  -206.9437      0.2210
  -204.9539      0.2160
  -202.9641      0.2209
  -200.9742      0.2304
  -198.9844      0.2157
  -196.9945      0.2311
  -195.0047      0.2734
  -193.0148      0.2673
  -191.0250      0.2269
  -189.0352      0.2350
  -187.0453      0.2232
  -185.0555      0.2217
  -183.0656      0.2545
  -181.0758      0.2445
  -179.0859      0.2306
  -177.0961      0.2299
  -175.1062      0.2325
  -173.1164      0.2583
  -171.1266      0.2500
  -169.1367      0.2450
  -167.1469      0.2471
  -165.1570      0.2547
  -163.1672      0.2569
  -161.1773      0.2673
  -159.1875      0.2421
  -157.1977      0.2437
  -155.2078      0.2589
  -153.2180      0.2534
  -151.2281      0.2850
  -149.2383      0.2499
  -147.2484      0.2698
  -145.2586      0.2616
  -143.2687      0.2641
  -141.2789      0.2745
  -139.2891      0.2519
  -137.2992      0.2827
  -135.3094      0.2653
  -133.3195      0.2723
  -131.3297      0.2882
  -129.3398      0.2849
  -127.3500      0.2766
  -125.3602      0.3097
  -123.3703      0.2715
  -121.3805      0.2870
  -119.3906      0.2854
  -117.4008      0.2703
  -115.4109      0.2861
  -113.4211      0.2791
  -111.4312      0.2723
  -109.4414      0.2832
  -107.4516      0.2854
  -105.4617      0.2923
  -103.4719      0.3160
  -101.4820      0.2976
   -99.4922      0.2778
   -97.5023      0.3171
   -95.5125      0.3321
   -93.5227      0.2867
   -91.5328      0.2874
   -89.5430      0.2917
   -87.5531      0.3162
   -85.5633      0.3140
   -83.5734      0.3097
   -81.5836      0.2820
   -79.5937      0.3002
   -77.6039      0.3633
   -75.6141      0.3117
   -73.6242      0.3150
   -71.6344      0.3088
   -69.6445      0.3162
   -67.6547      0.3159
   -65.6648      0.3183
   -63.6750      0.3082
   -61.6852      0.3226
   -59.6953      0.3002
   -57.7055      0.3157
   -55.7156      0.3348
   -53.7258      0.3211
   -51.7359      0.3834
   -49.7461      0.3066
   -47.7562      0.3162
   -45.7664      0.2979
   -43.7766      0.3664
   -41.7867      0.3462
   -39.7969      0.3610
   -37.8070      0.3902
   -35.8172      0.3280
   -33.8273      0.3540
   -31.8375      0.7890
   -29.8477      0.3734
   -27.8578      0.3357
   -25.8680      0.3528
   -23.8781      0.3642
   -21.8883      0.3475
   -19.8984      0.3448
   -17.9086      0.3492
   -15.9187      0.3716
   -13.9289      0.3354
   -11.9391      0.3745
    -9.9492      0.3374
    -7.9594      0.3432
    -5.9695      0.3410
    -3.9797      0.3528
    -1.9898      0.3022
     0.0000      0.3068
     1.9898      0.3652
     3.9797      0.3355
     5.9695      0.3419
     7.9594      0.3352
     9.9492      0.3411
    11.9391      0.3249
    13.9289      0.3424
    15.9187      0.3403
    17.9086      0.3541
    19.8984      0.3284
    21.8883      0.3320
    23.8781      0.3576
    25.8680      0.3266
    27.8578      0.3265
    29.8477      0.3323
    31.8375      0.3319
    33.8273      0.3357
    35.8172      0.4787
    37.8070      0.5536
    39.7969      0.3557
    41.7867      0.3176
    43.7766      0.3137
    45.7664      0.3319
    47.7562      0.3153
    49.7461      0.3267
    51.7359      0.3208
    53.7258      0.2986
    55.7156      0.3330
    57.7055      0.4172
    59.6953      1.0000
    61.6852      0.3457
    63.6750      0.3361
    65.6648      0.3276
    67.6547      0.3217
    69.6445      0.2953
    71.6344      0.3116
    73.6242      0.3031
    75.6141      0.3021
    77.6039      0.2970
    79.5937      0.3179
    81.5836      0.3052
    83.5734      0.2873
    85.5633      0.3042
    87.5531      0.3123
    89.5430      0.3059
    91.5328      0.3045
    93.5227      0.2826
    95.5125      0.3076
    97.5023      0.2905
    99.4922      0.3029
   101.4820      0.2928
   103.4719      0.2957
   105.4617      0.2928
   107.4516      0.2878
   109.4414      0.2772
   111.4312      0.2741
   113.4211      0.3007
   115.4109      0.2898
   117.4008      0.2714
   119.3906      0.2722
   121.3805      0.2786
   123.3703      0.2939
   125.3602      0.3037
   127.3500      0.2896
   129.3398      0.2699
   131.3297      0.2831
   133.3195      0.3492
   135.3094      0.3202
   137.2992      0.2703
   139.2891      0.2525
   141.2789      0.2640
   143.2687      0.2596
   145.2586      0.2525
   147.2484      0.2661
   149.2383      0.2633
   151.2281      0.2422
   153.2180      0.2870
   155.2078      0.2446
   157.1977      0.2341
   159.1875      0.2412
   161.1773      0.2488
   163.1672      0.2578
   165.1570      0.2409
   167.1469      0.2366
   169.1367      0.2385
   171.1266      0.2407
   173.1164      0.2231
   175.1062      0.2359
   177.0961      0.2401
   179.0859      0.2526
   181.0758      0.2252
   183.0656      0.2322
   185.0555      0.2667
   187.0453      0.2263
   189.0352      0.2260
   191.0250      0.2329
   193.0148      0.2168
   195.0047      0.2364
   196.9945      0.2190
   198.9844      0.2320
   200.9742      0.2098
   202.9641      0.2168
   204.9539      0.2147
   206.9437      0.2188
   208.9336      0.2235
   210.9234      0.2028
   212.9133      0.2170
   214.9031      0.2087
   216.8930      0.2074
   218.8828      0.2112
   220.8727      0.1865
   222.8625      0.1954
   224.8523      0.1915
   226.8422      0.1921
   228.8320      0.1972
   230.8219      0.1973
   232.8117      0.1945
   234.8016      0.1908
   236.7914      0.1768
   238.7812      0.1770
   240.7711      0.1831
   242.7609      0.1851
   244.7508      0.1868
   246.7406      0.1861
   248.7305      0.1731
   250.7203      0.1715
   252.7102      0.1782
   254.7000      0.1700
   256.6898      0.1898
   258.6797      0.1819
   260.6695      0.1749
   262.6594      0.1700
   264.6492      0.1781
   266.6391      0.1701
   268.6289      0.1964
   270.6187      0.1666
   272.6086      0.1636
   274.5984      0.1638
   276.5883      0.1552
   278.5781      0.1627
   280.5680      0.1595
   282.5578      0.1559
   284.5477      0.1518
   286.5375      0.1511
   288.5273      0.1527
   290.5172      0.1582
   292.5070      0.1529
   294.4969      0.1524
   296.4867      0.1496
   298.4766      0.1485
   300.4664      0.1585
   302.4562      0.1520
   304.4461      0.1470
   306.4359      0.1494
   308.4258      0.1501
   310.4156      0.1492
   312.4055      0.1436
   314.3953      0.1429
   316.3852      0.1525
   318.3750      0.1612
   320.3648      0.1810
   322.3547      0.1499
   324.3445      0.1437
   326.3344      0.1378
   328.3242      0.1401
   330.3141      0.1381
   332.3039      0.1199
   334.2937      0.1315
   336.2836      0.1369
   338.2734      0.1424
   340.2633      0.1306
   342.2531      0.1235
   344.2430      0.1365
   346.2328      0.1383
   348.2227      0.1647
   350.2125      0.1279
   352.2023      0.1280
   354.1922      0.1335
   356.1820      0.1340
   358.1719      0.1247
   360.1617      0.1279
   362.1516      0.1225
   364.1414      0.1212
   366.1312      0.1277
   368.1211      0.1374
   370.1109      0.1334
   372.1008      0.1254
   374.0906      0.1296
   376.0805      0.1311
   378.0703      0.1279
   380.0602      0.1247
   382.0500      0.1326
   384.0398      0.1251
   386.0297      0.1161
   388.0195      0.1207
   390.0094      0.1208
   391.9992      0.1251
   393.9891      0.1203
   395.9789      0.1229
   397.9687      0.1246
   399.9586      0.1199
   401.9484      0.1258
   403.9383      0.1265
   405.9281      0.1194
   407.9180      0.1349
   409.9078      0.1262
   411.8977      0.1255
   413.8875      0.1293
   415.8773      0.1255
   417.8672      0.1271
   419.8570      0.1136
   421.8469      0.0806
   423.8367      0.0334
   425.8266      0.0060
   427.8164      0.0028
   429.8062      0.0020
   431.7961      0.0016
   433.7859      0.0013
   435.7758      0.0012
   437.7656      0.0010
   439.7555      0.0009
   441.7453      0.0009
   443.7352      0.0008
   445.7250      0.0007
   447.7148      0.0007
   449.7047      0.0007
   451.6945      0.0006
   453.6844      0.0006
   455.6742      0.0006
   457.6641      0.0006
   459.6539      0.0005
   461.6437      0.0005
   463.6336      0.0005
   465.6234      0.0005
   467.6133      0.0005
   469.6031      0.0005
   471.5930      0.0005
   473.5828      0.0005
   475.5727      0.0004
   477.5625      0.0004
   479.5523      0.0004
   481.5422      0.0004
   483.5320      0.0004
   485.5219      0.0004
   487.5117      0.0004
   489.5016      0.0004
   491.4914      0.0004
   493.4812      0.0004
   495.4711      0.0004
   497.4609      0.0004
   499.4508      0.0004
   501.4406      0.0004
   503.4305      0.0004
   505.4203      0.0004
   507.4102      0.0004
