   200         -3.3         -4.5          1.3
   300         -6.8         -4.7         -2.2
   400         -4.5         -4.8          0.3
   500         -2.5         -4.9          2.4
   600         -2.2         -5.0          2.9
   700         -5.4         -5.2         -0.2
   800         -4.1         -5.3          1.2
   900         -3.6         -5.4          1.8
  1000         -5.6         -5.5         -0.1
  1100         -3.9         -5.6          1.7
  1200         -5.4         -5.8          0.4
  1300         -7.0         -5.9         -1.1


   200         -7.2         -4.9         -2.4
   300         -7.8         -4.9         -2.9
   400         -5.3         -5.0         -0.3
   500         -4.7         -5.0          0.4
   600         -4.5         -5.1          0.6
   700         -4.7         -5.2          0.5
   800         -3.3         -5.2          1.9
   900         -4.4         -5.3          0.9
  1000         -7.9         -5.3         -2.5
  1100         -3.3         -5.4          2.1
  1200         -4.0         -5.5          1.4
  1300         -8.8         -5.5         -3.3


   200         -5.6         -5.2         -0.4
   300         -6.4         -5.2         -1.2
   400         -2.2         -5.2          3.0
   500         -5.4         -5.2         -0.2
   600         -4.1         -5.2          1.1
   700         -4.8         -5.2          0.3
   800         -5.1         -5.2          0.1
   900         -4.3         -5.2          0.9
  1000         -4.8         -5.2          0.4
  1100         -3.9         -5.2          1.3
  1200         -2.5         -5.2          2.7
  1300         -6.3         -5.2         -1.2


   200         -5.8         -5.5         -0.3
   300         -7.5         -5.4         -2.0
   400         -5.1         -5.4          0.3
   500         -5.0         -5.3          0.3
   600         -4.0         -5.2          1.3
   700         -8.0         -5.2         -2.8
   800         -3.5         -5.1          1.6
   900         -3.9         -5.1          1.2
  1000         -5.9         -5.0         -0.9
  1100         -7.2         -4.9         -2.2
  1200         -6.0         -4.9         -1.1
  1300         -6.5         -4.8         -1.7


   200         -5.5         -5.8          0.3
   300         -5.0         -5.7          0.7
   400         -4.6         -5.6          1.0
   500         -3.0         -5.4          2.4
   600         -4.4         -5.3          0.9
   700         -2.0         -5.2          3.2
   800         -4.5         -5.1          0.5
   900         -5.9         -4.9         -0.9
  1000         -5.9         -4.8         -1.1
  1100         -6.4         -4.7         -1.7
  1200         -5.7         -4.6         -1.1
  1300         -6.8         -4.5         -2.3


   200        -10.5         -6.1         -4.4
   300         -9.0         -5.9         -3.1
   400         -8.5         -5.8         -2.7
   500         -7.5         -5.6         -2.0
   600         -5.5         -5.4         -0.2
   700         -5.8         -5.2         -0.6
   800         -6.0         -5.0         -1.0
   900         -5.1         -4.8         -0.3
  1000         -3.9         -4.6          0.7
  1100         -9.6         -4.5         -5.2
  1200         -9.0         -4.3         -4.7
  1300        -11.0         -4.1         -6.9


   200         -9.0         -6.4         -2.6
   300        -11.0         -6.2         -4.8
   400         -6.2         -5.9         -0.3
   500         -1.4         -5.7          4.3
   600         -8.0         -5.5         -2.5
   700         -8.4         -5.2         -3.2
   800         -7.6         -5.0         -2.6
   900         -5.9         -4.7         -1.2
  1000         -6.9         -4.5         -2.5
  1100        -10.2         -4.2         -6.0
  1200        -10.3         -4.0         -6.3
  1300         -5.6         -3.7         -1.8


   200         -5.9         -6.7          0.8
   300         -8.2         -6.4         -1.8
   400         -9.3         -6.1         -3.2
   500         -7.2         -5.8         -1.4
   600        -10.0         -5.5         -4.4
   700          9.8         -5.2         15.0
   800         -0.8         -4.9          4.1
   900        -15.1         -4.6        -10.5
  1000         -0.6         -4.3          3.7
  1100          1.3         -4.0          5.3
  1200         -3.8         -3.7         -0.1
  1300         -1.9         -3.4          1.4


   200         -6.5         -7.1          0.6
   300         -5.7         -6.7          1.0
   400         -8.9         -6.3         -2.6
   500         -4.0         -6.0          2.0
   600         -6.3         -5.6         -0.7
   700         -8.9         -5.2         -3.7
   800         -2.7         -4.9          2.1
   900          1.8         -4.5          6.3
  1000          7.2         -4.1         11.4
  1100         34.4         -3.8         38.1
  1200         27.9         -3.4         31.2
  1300         -4.3         -3.0         -1.3


   200         -7.7         -7.4         -0.3
   300         -6.6         -7.0          0.3
   400         -6.7         -6.5         -0.2
   500         -6.4         -6.1         -0.3
   600         -1.7         -5.7          3.9
   700         -3.1         -5.2          2.2
   800         -5.4         -4.8         -0.6
   900         -2.6         -4.4          1.8
  1000         -2.1         -3.9          1.8
  1100        -43.2         -3.5        -39.7
  1200        -11.9         -3.1         -8.8
  1300         -6.4         -2.7         -3.7


   200         -3.9         -7.7          3.8
   300         -8.7         -7.2         -1.5
   400         -5.7         -6.7          1.0
   500         -4.5         -6.2          1.7
   600         -9.7         -5.7         -3.9
   700         -3.9         -5.2          1.4
   800         -4.4         -4.8          0.3
   900         -7.7         -4.3         -3.4
  1000         -9.2         -3.8         -5.5
  1100         -5.7         -3.3         -2.4
  1200         -7.4         -2.8         -4.6
  1300         -1.6         -2.3          0.7


