   200          5.1         -4.1          9.2
   300         -0.7         -4.3          3.6
   400         -4.4         -4.4         -0.0
   500         -5.6         -4.6         -1.0
   600         -1.6         -4.7          3.1
   700          0.7         -4.9          5.6
   800         -2.1         -5.1          2.9
   900         -5.4         -5.2         -0.1
  1000         -0.5         -5.4          4.9
  1100         -4.0         -5.6          1.6
  1200         -1.9         -5.7          3.9
  1300          1.2         -5.9          7.1


   200         -0.5         -4.2          3.7
   300         -6.5         -4.3         -2.1
   400         -5.0         -4.5         -0.5
   500         -2.3         -4.6          2.4
   600         -0.7         -4.8          4.1
   700         -6.6         -4.9         -1.6
   800         -4.5         -5.1          0.5
   900         -1.3         -5.2          4.0
  1000         -7.5         -5.4         -2.2
  1100         -4.2         -5.5          1.3
  1200         -2.8         -5.7          2.8
  1300         -6.3         -5.8         -0.5


   200         -4.0         -4.3          0.2
   300         -6.3         -4.4         -1.8
   400         -8.1         -4.6         -3.5
   500         -1.6         -4.7          3.1
   600          4.1         -4.8          8.9
   700         -8.1         -4.9         -3.2
   800         -1.6         -5.1          3.5
   900         -3.4         -5.2          1.8
  1000         -7.6         -5.3         -2.3
  1100         -5.6         -5.5         -0.1
  1200         -5.3         -5.6          0.3
  1300         -9.4         -5.7         -3.7


   200         -3.3         -4.4          1.1
   300         -7.3         -4.5         -2.8
   400          0.4         -4.6          5.0
   500         -5.9         -4.7         -1.1
   600         -2.9         -4.8          2.0
   700         -4.4         -5.0          0.6
   800         -4.2         -5.1          0.9
   900         -6.3         -5.2         -1.1
  1000         -0.5         -5.3          4.8
  1100         -5.9         -5.4         -0.5
  1200         -4.8         -5.5          0.7
  1300         -5.9         -5.7         -0.3


   200         -5.4         -4.5         -0.9
   300         -7.1         -4.6         -2.6
   400         -4.1         -4.7          0.6
   500          0.3         -4.8          5.1
   600         -6.7         -4.9         -1.8
   700         -3.5         -5.0          1.4
   800         -5.6         -5.1         -0.5
   900         -3.1         -5.2          2.1
  1000         -7.3         -5.3         -2.0
  1100         -0.6         -5.4          4.8
  1200         -8.7         -5.5         -3.2
  1300         -6.5         -5.6         -0.9


   200        -11.2         -4.6         -6.6
   300         -5.7         -4.7         -1.0
   400         -5.3         -4.7         -0.5
   500         -9.1         -4.8         -4.3
   600         -7.4         -4.9         -2.5
   700         -3.2         -5.0          1.8
   800         -1.7         -5.1          3.4
   900         -8.3         -5.2         -3.1
  1000         -7.4         -5.2         -2.1
  1100         -3.4         -5.3          1.9
  1200         -1.0         -5.4          4.4
  1300         -8.7         -5.5         -3.2


   200         -3.3         -4.7          1.4
   300         -8.9         -4.7         -4.2
   400         -3.8         -4.8          1.0
   500         -3.6         -4.9          1.3
   600         -0.4         -4.9          4.6
   700         -4.6         -5.0          0.4
   800         -4.5         -5.1          0.6
   900         -2.6         -5.1          2.5
  1000         -7.7         -5.2         -2.5
  1100         -3.9         -5.3          1.4
  1200         -0.8         -5.4          4.5
  1300        -10.1         -5.4         -4.6


   200         -5.3         -4.8         -0.6
   300        -10.9         -4.8         -6.0
   400         -4.5         -4.9          0.3
   500         -5.5         -4.9         -0.5
   600         -7.8         -5.0         -2.9
   700        -11.4         -5.0         -6.3
   800         -3.6         -5.1          1.4
   900         -3.9         -5.1          1.3
  1000         -8.0         -5.2         -2.8
  1100         -4.3         -5.2          0.9
  1200         -8.5         -5.3         -3.2
  1300         -6.4         -5.3         -1.1


   200         -8.9         -4.9         -4.0
   300         -5.2         -4.9         -0.3
   400         -8.5         -4.9         -3.5
   500         -1.4         -5.0          3.6
   600         -3.2         -5.0          1.8
   700         -0.5         -5.0          4.6
   800         -3.6         -5.1          1.5
   900         -2.7         -5.1          2.4
  1000         -8.8         -5.2         -3.7
  1100         -1.8         -5.2          3.4
  1200         -6.8         -5.2         -1.5
  1300         -9.8         -5.3         -4.5


   200         -5.7         -4.9         -0.8
   300        -14.2         -5.0         -9.2
   400         -3.5         -5.0          1.5
   500         -9.0         -5.0         -4.0
   600         -5.1         -5.0         -0.0
   700         -5.9         -5.1         -0.9
   800         -7.2         -5.1         -2.2
   900         -1.2         -5.1          3.9
  1000         -8.3         -5.1         -3.2
  1100         -3.9         -5.1          1.3
  1200         -0.6         -5.2          4.6
  1300         -7.3         -5.2         -2.1


   200         -6.7         -5.0         -1.6
   300         -5.4         -5.0         -0.3
   400         -4.8         -5.1          0.3
   500         -1.5         -5.1          3.6
   600         -5.3         -5.1         -0.3
   700         -1.9         -5.1          3.1
   800         -6.2         -5.1         -1.1
   900         -7.4         -5.1         -2.3
  1000         -2.4         -5.1          2.7
  1100         -3.9         -5.1          1.2
  1200         -0.9         -5.1          4.2
  1300         -2.6         -5.1          2.5


   200         -3.5         -5.1          1.6
   300         -4.3         -5.1          0.8
   400         -0.6         -5.1          4.5
   500         -4.5         -5.1          0.7
   600         -0.1         -5.1          5.0
   700         -5.1         -5.1         -0.0
   800         -4.0         -5.1          1.1
   900         -0.9         -5.1          4.2
  1000          0.3         -5.1          5.4
  1100         -1.5         -5.1          3.6
  1200         -4.1         -5.1          1.0
  1300         -4.7         -5.0          0.3


   200         -6.2         -5.2         -1.0
   300         -1.1         -5.2          4.1
   400         -0.8         -5.2          4.4
   500         -6.2         -5.2         -1.0
   600         -4.4         -5.1          0.8
   700         -7.1         -5.1         -2.0
   800         -3.4         -5.1          1.7
   900         -7.7         -5.1         -2.6
  1000         -8.4         -5.0         -3.3
  1100         -6.1         -5.0         -1.1
  1200         -4.6         -5.0          0.4
  1300        -11.2         -5.0         -6.3


   200         -4.5         -5.3          0.8
   300         -8.7         -5.3         -3.4
   400         -0.7         -5.2          4.5
   500         -3.7         -5.2          1.5
   600         -4.1         -5.2          1.0
   700         -9.2         -5.1         -4.1
   800         -2.3         -5.1          2.8
   900         -3.8         -5.0          1.2
  1000         -4.4         -5.0          0.6
  1100         -6.2         -5.0         -1.3
  1200         -8.0         -4.9         -3.1
  1300         -5.1         -4.9         -0.2


   200         -3.4         -5.4          2.0
   300         -3.5         -5.4          1.8
   400         -6.0         -5.3         -0.7
   500         -6.1         -5.3         -0.8
   600         -2.5         -5.2          2.7
   700         -5.3         -5.1         -0.1
   800         -5.0         -5.1          0.1
   900          1.2         -5.0          6.2
  1000         -4.0         -5.0          1.0
  1100         -4.6         -4.9          0.3
  1200         -0.1         -4.9          4.8
  1300         -1.7         -4.8          3.1


   200         -8.1         -5.5         -2.6
   300         -8.9         -5.4         -3.4
   400         -5.9         -5.4         -0.5
   500         -2.2         -5.3          3.1
   600         -5.2         -5.2          0.1
   700         -6.3         -5.2         -1.1
   800         -1.8         -5.1          3.3
   900         -9.3         -5.0         -4.3
  1000         -7.1         -4.9         -2.1
  1100         -7.2         -4.9         -2.4
  1200         -7.9         -4.8         -3.1
  1300        -10.5         -4.7         -5.7


   200         -7.2         -5.6         -1.6
   300         -9.7         -5.5         -4.2
   400        -10.8         -5.4         -5.4
   500         -8.0         -5.3         -2.6
   600         -4.2         -5.3          1.0
   700        -11.5         -5.2         -6.3
   800         -4.8         -5.1          0.2
   900         -4.4         -5.0          0.6
  1000         -8.0         -4.9         -3.1
  1100        -10.1         -4.8         -5.2
  1200         -8.0         -4.7         -3.3
  1300         -8.9         -4.7         -4.2


   200         -4.0         -5.7          1.7
   300        -11.6         -5.6         -6.0
   400         -8.1         -5.5         -2.6
   500         -6.0         -5.4         -0.6
   600         -8.8         -5.3         -3.5
   700         -5.6         -5.2         -0.4
   800         -6.4         -5.1         -1.3
   900         -5.1         -5.0         -0.1
  1000        -11.8         -4.9         -6.9
  1100         -9.6         -4.8         -4.8
  1200         -5.7         -4.7         -1.0
  1300         -8.8         -4.6         -4.2


   200         -8.0         -5.8         -2.2
   300         -5.4         -5.7          0.3
   400         -3.0         -5.6          2.5
   500         -6.6         -5.4         -1.1
   600         -6.3         -5.3         -0.9
   700         -7.5         -5.2         -2.2
   800         -6.4         -5.1         -1.3
   900        -11.1         -5.0         -6.1
  1000         -9.1         -4.9         -4.3
  1100         -4.9         -4.7         -0.2
  1200         -5.1         -4.6         -0.5
  1300         -4.9         -4.5         -0.4


   200         -6.4         -5.9         -0.5
   300          0.8         -5.8          6.6
   400         -2.4         -5.6          3.2
   500          2.5         -5.5          8.0
   600         -1.4         -5.4          3.9
   700          2.5         -5.2          7.7
   800         -1.6         -5.1          3.5
   900         -3.6         -5.0          1.3
  1000         -1.7         -4.8          3.2
  1100         -6.3         -4.7         -1.6
  1200         -4.5         -4.6          0.0
  1300         -6.8         -4.4         -2.4


   200         -4.8         -6.0          1.2
   300         -2.8         -5.8          3.1
   400         -4.7         -5.7          1.0
   500         -5.8         -5.5         -0.2
   600         -2.3         -5.4          3.1
   700          2.8         -5.2          8.1
   800         -3.9         -5.1          1.2
   900         -4.7         -4.9          0.3
  1000         -3.1         -4.8          1.7
  1100         -4.0         -4.7          0.7
  1200         -7.9         -4.5         -3.4
  1300         -6.1         -4.4         -1.8


   200         -9.1         -6.1         -3.0
   300         -4.1         -5.9          1.8
   400         -4.9         -5.7          0.8
   500         -3.0         -5.6          2.5
   600         -2.8         -5.4          2.6
   700         -4.1         -5.3          1.2
   800         -4.1         -5.1          1.0
   900         -7.3         -4.9         -2.4
  1000         -0.9         -4.8          3.9
  1100         -7.3         -4.6         -2.7
  1200         -8.0         -4.4         -3.5
  1300        -12.4         -4.3         -8.1


   200         -6.9         -6.2         -0.7
   300        -11.1         -6.0         -5.1
   400         -8.9         -5.8         -3.1
   500        -12.7         -5.6         -7.0
   600         -7.3         -5.5         -1.8
   700         -7.6         -5.3         -2.3
   800         -8.5         -5.1         -3.4
   900         -3.0         -4.9          1.9
  1000         -6.4         -4.7         -1.6
  1100         -5.2         -4.6         -0.7
  1200        -16.0         -4.4        -11.6
  1300         -6.3         -4.2         -2.1


   200        -14.1         -6.3         -7.9
   300        -15.8         -6.1         -9.7
   400        -14.8         -5.9         -8.9
   500        -15.3         -5.7         -9.6
   600         -8.3         -5.5         -2.8
   700         -5.4         -5.3         -0.1
   800        -12.6         -5.1         -7.5
   900         -5.1         -4.9         -0.2
  1000         -4.6         -4.7          0.1
  1100        -14.0         -4.5         -9.5
  1200         -9.5         -4.3         -5.2
  1300        -10.7         -4.1         -6.6


   200        -16.8         -6.4        -10.5
   300        -15.1         -6.1         -9.0
   400         -5.7         -5.9          0.3
   500         -1.7         -5.7          4.0
   600         -4.7         -5.5          0.8
   700         -6.5         -5.3         -1.2
   800         -0.4         -5.1          4.7
   900         -4.9         -4.9         -0.0
  1000         -3.5         -4.7          1.1
  1100        -11.5         -4.5         -7.0
  1200         -4.6         -4.3         -0.4
  1300        -13.3         -4.1         -9.2


   200         -8.5         -6.4         -2.1
   300        -12.6         -6.2         -6.4
   400         -5.7         -6.0          0.3
   500          7.3         -5.8         13.1
   600         -7.5         -5.5         -2.0
   700         -4.7         -5.3          0.6
   800         -5.5         -5.1         -0.4
   900         -7.9         -4.9         -3.0
  1000         -9.3         -4.6         -4.6
  1100         -8.2         -4.4         -3.8
  1200        -11.3         -4.2         -7.1
  1300         -3.5         -4.0          0.5


   200        -11.6         -6.5         -5.1
   300        -10.2         -6.3         -3.9
   400         -7.6         -6.1         -1.5
   500          0.4         -5.8          6.2
   600         -8.1         -5.6         -2.5
   700        -10.9         -5.3         -5.6
   800         -9.0         -5.1         -3.9
   900          4.2         -4.9          9.1
  1000         -6.0         -4.6         -1.4
  1100        -13.5         -4.4         -9.1
  1200         -6.7         -4.1         -2.6
  1300         -5.5         -3.9         -1.6


   200         -7.8         -6.6         -1.2
   300        -10.2         -6.4         -3.8
   400         -7.4         -6.1         -1.3
   500         -6.2         -5.9         -0.4
   600         -7.5         -5.6         -1.9
   700         -6.7         -5.4         -1.4
   800         -8.2         -5.1         -3.1
   900        -12.6         -4.8         -7.8
  1000         -4.4         -4.6          0.2
  1100        -10.8         -4.3         -6.5
  1200        -11.5         -4.1         -7.4
  1300         -8.1         -3.8         -4.3


   200         -6.7         -6.7          0.0
   300        -10.5         -6.5         -4.0
   400         -4.3         -6.2          1.9
   500        -11.2         -5.9         -5.3
   600         -8.5         -5.6         -2.8
   700        -12.1         -5.4         -6.8
   800         -8.6         -5.1         -3.5
   900         -9.3         -4.8         -4.5
  1000         -6.6         -4.6         -2.1
  1100         -9.2         -4.3         -4.9
  1200        -12.7         -4.0         -8.6
  1300         -5.8         -3.7         -2.1


   200         -8.9         -6.8         -2.0
   300         -9.5         -6.5         -3.0
   400         -5.0         -6.2          1.3
   500         -7.4         -6.0         -1.4
   600         -7.0         -5.7         -1.3
   700         34.9         -5.4         40.3
   800         -6.9         -5.1         -1.8
   900          4.3         -4.8          9.1
  1000        -11.0         -4.5         -6.5
  1100         -3.6         -4.2          0.6
  1200         -9.4         -4.0         -5.4
  1300         -1.0         -3.7          2.7


   200         -7.4         -6.9         -0.5
   300         -7.7         -6.6         -1.0
   400        -11.3         -6.3         -5.0
   500         -8.3         -6.0         -2.3
   600         -8.5         -5.7         -2.8
   700        -10.1         -5.4         -4.7
   800         -5.5         -5.1         -0.4
   900         -4.2         -4.8          0.6
  1000         -5.2         -4.5         -0.7
  1100         -6.1         -4.2         -1.9
  1200         -2.0         -3.9          1.9
  1300         -8.6         -3.6         -5.0


   200         -2.6         -7.0          4.5
   300         -7.1         -6.7         -0.4
   400        -11.9         -6.4         -5.5
   500         -9.6         -6.1         -3.5
   600        -10.9         -5.7         -5.1
   700        -10.8         -5.4         -5.4
   800          2.1         -5.1          7.2
   900         -6.6         -4.8         -1.8
  1000         -2.9         -4.5          1.6
  1100          8.9         -4.2         13.0
  1200          3.0         -3.8          6.9
  1300         -2.2         -3.5          1.4


   200         -5.2         -7.1          1.9
   300        -10.5         -6.8         -3.7
   400         -9.7         -6.4         -3.3
   500         -3.7         -6.1          2.4
   600        -13.0         -5.8         -7.2
   700        -12.9         -5.4         -7.5
   800          2.5         -5.1          7.6
   900        -20.8         -4.8        -16.0
  1000         10.3         -4.4         14.7
  1100          0.1         -4.1          4.2
  1200         -6.4         -3.8         -2.7
  1300          1.3         -3.4          4.8


   200         -0.8         -7.2          6.4
   300         -5.3         -6.8          1.6
   400         -5.6         -6.5          0.9
   500         -7.0         -6.2         -0.8
   600         -6.4         -5.8         -0.6
   700         -6.0         -5.5         -0.5
   800          9.1         -5.1         14.2
   900         -6.2         -4.8         -1.4
  1000          4.6         -4.4          9.0
  1100         48.5         -4.1         52.6
  1200         -0.6         -3.7          3.1
  1300        -12.5         -3.4         -9.1


   200         -7.9         -7.3         -0.6
   300         -5.4         -6.9          1.6
   400         -6.7         -6.6         -0.2
   500         -5.6         -6.2          0.6
   600        -11.8         -5.8         -6.0
   700        -13.4         -5.5         -7.9
   800         -9.5         -5.1         -4.4
   900         -3.4         -4.7          1.4
  1000          5.6         -4.4         10.0
  1100          9.2         -4.0         13.2
  1200          2.3         -3.7          6.0
  1300         -9.1         -3.3         -5.8


   200         -5.6         -7.4          1.8
   300         -5.9         -7.0          1.1
   400        -11.6         -6.6         -5.0
   500         -0.6         -6.2          5.6
   600         -1.6         -5.9          4.3
   700         -9.6         -5.5         -4.1
   800         -4.7         -5.1          0.4
   900         22.5         -4.7         27.2
  1000         -6.4         -4.3         -2.1
  1100         -1.0         -4.0          3.0
  1200         -5.2         -3.6         -1.6
  1300         -0.2         -3.2          3.0


   200        -10.5         -7.5         -3.0
   300         -6.1         -7.1          1.0
   400        -10.6         -6.7         -3.9
   500         -5.2         -6.3          1.1
   600         -7.4         -5.9         -1.5
   700         -7.5         -5.5         -2.0
   800         -5.3         -5.1         -0.2
   900        -10.4         -4.7         -5.7
  1000         19.9         -4.3         24.2
  1100         33.9         -3.9         37.8
  1200         72.9         -3.5         76.4
  1300          2.5         -3.1          5.7


   200         -6.3         -7.6          1.3
   300         -3.4         -7.2          3.8
   400         -8.4         -6.8         -1.6
   500         -7.7         -6.3         -1.3
   600         -5.5         -5.9          0.4
   700          2.0         -5.5          7.5
   800         -8.9         -5.1         -3.8
   900         -6.1         -4.7         -1.4
  1000          2.7         -4.3          7.0
  1100        -66.7         -3.9        -62.8
  1200        -15.9         -3.5        -12.4
  1300         -4.9         -3.1         -1.8


   200         -7.2         -7.7          0.4
   300         -9.8         -7.2         -2.5
   400         -5.2         -6.8          1.6
   500         -3.2         -6.4          3.2
   600         -7.1         -6.0         -1.2
   700         -9.7         -5.5         -4.1
   800         -5.9         -5.1         -0.8
   900         -2.8         -4.7          1.9
  1000         -9.5         -4.3         -5.2
  1100        -11.7         -3.8         -7.9
  1200          1.2         -3.4          4.6
  1300         -2.8         -3.0          0.1


   200        -11.9         -7.8         -4.2
   300         -7.2         -7.3          0.1
   400         -6.6         -6.9          0.3
   500         -6.0         -6.4          0.5
   600          0.4         -6.0          6.4
   700         -7.2         -5.6         -1.6
   800         -7.3         -5.1         -2.2
   900          0.5         -4.7          5.1
  1000          2.9         -4.2          7.1
  1100         -5.4         -3.8         -1.6
  1200         -5.4         -3.3         -2.0
  1300        -10.4         -2.9         -7.4


   200         -5.5         -7.9          2.3
   300         -6.1         -7.4          1.3
   400         -7.6         -6.9         -0.7
   500         -8.0         -6.5         -1.5
   600         -0.4         -6.0          5.6
   700         -3.2         -5.6          2.4
   800         -0.5         -5.1          4.6
   900         -3.3         -4.7          1.3
  1000         -4.7         -4.2         -0.5
  1100         -7.9         -3.7         -4.2
  1200         -8.5         -3.3         -5.3
  1300         -7.4         -2.8         -4.6


   200         -5.8         -7.9          2.2
   300         -5.2         -7.5          2.3
   400         -8.5         -7.0         -1.5
   500          2.4         -6.5          9.0
   600        -13.2         -6.1         -7.1
   700         -2.1         -5.6          3.5
   800         -4.9         -5.1          0.2
   900         -8.0         -4.6         -3.4
  1000         -5.8         -4.2         -1.7
  1100         -3.7         -3.7          0.0
  1200         -4.5         -3.2         -1.2
  1300         -8.9         -2.8         -6.1


   200         -1.4         -8.0          6.6
   300         -6.9         -7.6          0.7
   400         -4.3         -7.1          2.8
   500         -5.2         -6.6          1.3
   600         -5.8         -6.1          0.3
   700         -4.1         -5.6          1.5
   800         -7.1         -5.1         -2.0
   900         -7.2         -4.6         -2.6
  1000        -10.3         -4.1         -6.2
  1100         -5.6         -3.7         -1.9
  1200         -8.1         -3.2         -4.9
  1300         13.2         -2.7         15.9


   200         -3.1         -8.1          5.1
   300        -10.4         -7.6         -2.8
   400          0.9         -7.1          8.0
   500         -5.5         -6.6          1.1
   600         -9.9         -6.1         -3.7
   700         -2.0         -5.6          3.6
   800         -7.7         -5.1         -2.6
   900         -6.7         -4.6         -2.1
  1000         -4.5         -4.1         -0.4
  1100         -9.3         -3.6         -5.7
  1200         -7.2         -3.1         -4.1
  1300         -7.4         -2.6         -4.8


   200         -5.1         -8.2          3.1
   300        -13.7         -7.7         -5.9
   400        -13.9         -7.2         -6.7
   500         -4.6         -6.7          2.1
   600         -9.6         -6.2         -3.4
   700         -6.2         -5.6         -0.6
   800         -0.6         -5.1          4.6
   900         -8.5         -4.6         -3.9
  1000        -12.5         -4.1         -8.4
  1100         -3.8         -3.6         -0.2
  1200        -10.1         -3.0         -7.1
  1300        -13.7         -2.5        -11.2


   200        -11.4         -8.3         -3.1
   300         -5.8         -7.8          1.9
   400         -1.5         -7.3          5.8
   500        -10.9         -6.7         -4.2
   600         -2.9         -6.2          3.3
   700        -10.9         -5.7         -5.2
   800         -2.8         -5.1          2.3
   900         -6.7         -4.6         -2.1
  1000         -6.3         -4.1         -2.2
  1100         -2.8         -3.5          0.7
  1200         -9.5         -3.0         -6.5
  1300        -12.5         -2.4        -10.0


